256,4,6898,480,3.3269951343536377
256,4,6805,470,3.011002540588379
256,4,6902,460,3.0699968338012695
256,4,6879,500,3.719000816345215
256,4,6871,495,3.268998622894287
256,4,7181,510,3.8729982376098633
256,4,7240,475,3.35699725151062
256,4,7141,475,3.1029953956604004
256,4,6759,490,3.0980024337768555
256,4,6971,540,4.187000751495361
256,4,6710,490,3.2150144577026367
256,4,7079,500,3.699002742767334
256,4,7013,505,4.004001140594482
256,4,7127,490,3.5149989128112793
256,4,7080,485,3.5440001487731934
256,4,6818,475,3.44800066947937
256,6,9790,525,4.802000522613525
256,6,9170,500,4.251000165939331
256,6,9201,560,5.423004150390625
256,6,9394,525,4.263003587722778
256,6,10075,510,4.641976833343506
256,6,9359,545,4.738002300262451
256,6,9836,560,5.2860002517700195
256,6,9152,500,4.057995319366455
256,6,10031,510,4.435999870300293
256,6,9365,535,4.733982086181641
256,6,9227,575,6.264996767044067
256,6,9477,520,5.118005275726318
256,6,9400,540,5.207998514175415
256,6,9588,540,5.271999835968018
256,6,10021,555,5.94300103187561
256,6,9773,540,5.401003837585449
256,8,11836,540,5.5139992237091064
256,8,12083,635,7.871001482009888
256,8,12432,565,6.097996950149536
256,8,11376,540,5.435000896453857
256,8,11634,590,6.227999687194824
256,8,11581,545,5.093002557754517
256,8,11760,615,7.447999715805054
256,8,12004,535,5.718001842498779
256,8,11267,600,7.975992679595947
256,8,12115,590,7.013994455337524
256,8,11333,545,5.777026414871216
256,8,12005,565,6.845993280410767
256,8,11986,580,7.333991050720215
256,8,11439,540,5.7930006980896
256,8,11905,565,6.851999998092651
256,8,12011,515,5.532999038696289
512,4,20844,930,28.432999849319458
512,4,20593,910,27.796020030975342
512,4,20365,950,31.364998817443848
512,4,21346,915,26.907004594802856
512,4,21173,915,27.452003717422485
512,4,20986,885,23.30900549888611
512,4,21117,920,26.584001302719116
512,4,21077,905,26.212002754211426
512,4,20562,905,26.1489999294281
512,4,20901,885,24.5399968624115
512,4,21154,940,28.37600564956665
512,4,21435,930,28.173999071121216
512,4,20767,895,25.10198426246643
512,4,20699,885,24.60499930381775
512,4,21086,890,24.65299963951111
512,4,21330,915,28.247995615005493
512,6,29034,955,36.476993799209595
512,6,28046,955,36.32301068305969
512,6,28392,960,35.64799976348877
512,6,29139,940,30.85100293159485
512,6,28954,960,33.9180006980896
512,6,28898,945,31.581972360610962
512,6,28143,950,33.705002784729004
512,6,28467,930,32.17000102996826
512,6,28482,945,32.346993923187256
512,6,29063,935,31.99800205230713
512,6,28710,945,33.275999784469604
512,6,28692,950,36.30500030517578
512,6,28560,950,34.9509973526001
512,6,28964,955,34.0060088634491
512,6,28401,950,33.35102581977844
512,6,29202,990,35.18000507354736
512,8,36691,990,42.87999725341797
512,8,35638,965,38.2199981212616
512,8,36488,975,38.11899924278259
512,8,36291,940,35.38199591636658
512,8,36168,1030,44.33299994468689
512,8,36519,955,38.796998262405396
512,8,35893,960,39.31100058555603
512,8,36138,970,40.04599905014038
512,8,34801,965,39.59000039100647
512,8,37234,1020,45.52100110054016
512,8,36487,1030,44.757004499435425
512,8,35995,960,38.71700143814087
512,8,36360,940,34.40200471878052
512,8,36207,950,37.54400157928467
512,8,35822,965,39.507999420166016
512,8,35992,975,40.956002950668335
768,4,37392,1350,94.03499603271484
768,4,38663,1325,87.2320008277893
768,4,38716,1355,96.54199981689453
768,4,38288,1325,90.40599918365479
768,4,39094,1360,97.67400002479553
768,4,38402,1325,90.61202716827393
768,4,38751,1305,87.72399568557739
768,4,38682,1310,92.60600018501282
768,4,39188,1355,99.07200050354004
768,4,38340,1355,102.31365919113159
768,4,38442,1345,95.35699987411499
768,4,38369,1295,84.97400045394897
768,4,37634,1360,101.49099850654602
768,4,39232,1315,89.7830069065094
768,4,38570,1320,92.01899600028992
768,4,38742,1305,91.09299993515015
768,6,53533,1370,112.99099707603455
768,6,52785,1355,113.11799573898315
768,6,53566,1345,105.69198632240295
768,6,52373,1360,112.22000002861023
768,6,53623,1325,106.53899717330933
768,6,52151,1355,111.26700592041016
768,6,53687,1350,114.80568504333496
768,6,53648,1360,120.42073822021484
768,6,53579,1345,107.97500038146973
768,6,53812,1365,114.66199970245361
768,6,53177,1345,111.8309690952301
768,6,52807,1355,112.5050003528595
768,6,53536,1350,114.78500032424927
768,6,54407,1370,119.853999376297
768,6,53502,1330,109.1240029335022
768,6,53151,1355,113.70699501037598
768,8,67812,1415,138.58300185203552
768,8,68013,1400,134.4089994430542
768,8,67954,1350,124.805997133255
768,8,68668,1360,129.04200339317322
768,8,68784,1380,131.43795204162598
768,8,67621,1410,145.14407324790955
768,8,68767,1375,130.61600160598755
768,8,67985,1415,141.4850058555603
768,8,68780,1420,142.40798783302307
768,8,70082,1365,129.36599373817444
768,8,68464,1390,133.26900005340576
768,8,68731,1360,130.173996925354
768,8,67994,1405,142.66899609565735
768,8,68722,1345,123.88198947906494
768,8,68788,1430,144.74699807167053
768,8,67001,1355,127.62299537658691
1024,4,60146,1725,213.4220004081726
1024,4,60989,1745,219.53099942207336
1024,4,60903,1715,208.12996530532837
1024,4,60387,1740,211.40498638153076
1024,4,59190,1755,224.33300161361694
1024,4,61242,1740,219.00500059127808
1024,4,60603,1755,224.97000312805176
1024,4,61078,1760,225.672993183136
1024,4,59657,1745,215.77301836013794
1024,4,60188,1745,219.31099796295166
1024,4,59789,1765,227.5860002040863
1024,4,60666,1730,220.98800444602966
1024,4,59323,1770,227.41600131988525
1024,4,59637,1770,226.9501461982727
1024,4,60477,1765,224.13097643852234
1024,4,59857,1770,230.62360000610352
1024,6,84128,1775,263.28599858283997
1024,6,83043,1790,261.71100091934204
1024,6,83161,1790,273.96001148223877
1024,6,82848,1795,267.81799960136414
1024,6,83344,1785,267.05296754837036
1024,6,84266,1790,266.5870053768158
1024,6,84791,1780,268.273006439209
1024,6,84471,1795,268.79900097846985
1024,6,82655,1770,265.3189945220947
1024,6,84795,1830,283.57815384864807
1024,6,84905,1830,282.97599697113037
1024,6,84219,1795,259.61032462120056
1024,6,83699,1810,259.05138659477234
1024,6,85248,1815,257.894939661026
1024,6,82812,1740,227.1116588115692
1024,6,83084,1785,257.20136761665344
1024,8,107610,1835,322.4739992618561
1024,8,108723,1830,315.937020778656
1024,8,106699,1790,300.2629952430725
1024,8,108186,1820,316.68799924850464
1024,8,107362,1830,321.3180003166199
1024,8,106703,1805,319.4740061759949
1024,8,107390,1810,313.2811486721039
1024,8,106099,1865,333.7599992752075
1024,8,107065,1805,302.64424681663513
1024,8,107911,1830,297.06876587867737
1024,8,105939,1780,274.6689541339874
1024,8,106231,1830,304.239572763443
1024,8,107322,1820,267.4197750091553
1024,8,108019,1815,272.0250587463379
1024,8,108290,1810,254.31861519813538
1024,8,109331,1820,267.125540971756
