51964,391764,857.2262003421783
49580,322598,785.9896664619446
51308,351535,791.8372039794922
50366,360965,812.3545043468475
50852,362781,816.3728206157684
52416,440183,940.81880235672
51176,374159,865.5653471946716
50736,333753,761.7932517528534
51028,387556,828.6102759838104
50534,370931,792.7289886474609
51392,405989,861.2801508903503
50372,361185,797.4752044677734
51010,392250,887.7991850376129
50974,328633,667.8745849132538
50412,342084,785.9798054695129
50796,379502,837.4046566486359
50960,389278,908.636922121048
50592,379033,850.299453496933
50468,375541,870.529536485672
51204,369973,892.8702163696289
50778,397720,897.4965522289276
51306,409877,962.2393872737885
51648,383180,855.0402638912201
50552,365074,886.1233823299408
50480,355363,788.1507542133331
50406,371788,866.1240088939667
50422,321216,716.4939608573914
50986,387476,875.4814569950104
50678,353184,759.08180809021
51282,313759,678.1475167274475
51572,335421,760.0109133720398
50758,359439,853.1508073806763
50514,371258,790.4308724403381
50874,410624,973.2546963691711
51056,381737,866.3088612556458
50874,365367,840.9621260166168
51134,395231,889.8674566745758
51296,384264,826.2650609016418
51440,338832,798.464643239975
51014,367815,826.0092880725861
51824,369499,841.4526174068451
49714,336014,716.3889026641846
51134,304095,623.7616724967957
49416,381823,858.6544983386993
51102,441466,994.3074452877045
51084,376432,817.5455837249756
50494,428463,966.8569369316101
50690,365790,817.9785435199738
50328,375138,1393.9822018146515
50242,354009,1583.8151466846466
50660,367167,1379.789145231247
50676,323685,1140.8810935020447
50864,347910,1157.240694284439
50810,355953,835.8469614982605
51444,402415,931.5877618789673
51294,321137,768.3250050544739
51656,328067,935.2127342224121
50496,433704,1156.550653219223
50874,362879,871.8818707466125
50694,345686,780.5999023914337
50442,349591,847.0201985836029
50804,399858,1050.5888283252716
51332,347332,787.8471834659576
50668,390206,1041.263022661209
