73864,348629,1259.0352556705475
74010,361813,1295.9757597446442
74256,394784,1382.4367394447327
72452,381210,1311.732064962387
73486,355854,1157.328379869461
73784,332355,1153.8438303470612
73924,352522,1156.976925611496
74154,319234,1052.4114480018616
73640,407333,1467.013367652893
72860,338436,1121.2246310710907
72434,350671,1075.2263910770416
73878,352638,1487.8154926300049
72438,349142,1447.7004001140594
74772,371292,1471.5310771465302
73516,377376,1368.8217706680298
73724,404563,1329.9728531837463
