96700,370309,1482.9084331989288
96904,320458,1418.652690410614
97270,315579,1278.3219628334045
95894,293837,1198.4816138744354
96924,294723,1165.5919983386993
97080,303043,1133.2851994037628
96770,298028,1130.6686599254608
97288,333981,1447.3921720981598
96940,308763,1299.6703610420227
96040,293255,1201.3212311267853
97168,289172,1078.2101690769196
96398,308468,1496.6045985221863
96972,351963,1784.0139813423157
96176,297444,1275.0529870986938
96112,324202,1367.039718389511
96192,300420,1253.9608511924744
96892,299805,1148.6523933410645
96710,315961,1375.6184077262878
96680,334113,1327.2480156421661
96962,297797,1171.3990919589996
96024,277717,1135.102075099945
96678,295154,1177.7647354602814
96860,303676,1306.9201216697693
96588,309344,1263.473631620407
96644,311729,1325.7179672718048
97672,302266,1270.4124839305878
97354,334226,1415.0532994270325
96766,309439,1248.9567382335663
96460,311681,1324.1846957206726
97298,309162,1270.820801973343
95310,318119,1256.9228191375732
96352,301259,1198.026769399643
96466,306456,1255.2640945911407
95868,294511,1212.3898584842682
96162,308946,1207.6502826213837
96242,322376,1332.3896675109863
96712,302830,1193.9380013942719
96082,302354,1129.727439880371
95472,294880,1063.9808886051178
95748,323070,1155.7689943313599
96226,299076,1092.4905536174774
95602,276872,1009.1967439651489
96488,304276,1068.1457889080048
96702,282328,1075.7966029644012
96182,288762,1476.6934168338776
97156,316773,1485.8140034675598
96038,292519,1141.3864631652832
96656,278810,1012.2992358207703
96740,329898,2333.1631305217743
96188,332242,2178.5161752700806
96584,314739,1703.0985548496246
96876,330340,1288.9476766586304
97378,289684,1281.5133955478668
96500,294073,1406.7428848743439
96520,272864,1273.8640749454498
96634,295171,1303.5734033584595
96810,304343,1471.0820269584656
97204,287423,1298.6758587360382
96648,286076,1346.4038734436035
97250,328898,1371.8123173713684
96006,309539,1316.7236306667328
96218,327736,1372.6351246833801
96080,295641,1016.3493719100952
95416,303821,1108.4149868488312
