120168,268752,1146.5807971954346
120750,281747,1182.433052778244
119540,249524,1012.1360232830048
120786,275086,1090.4422404766083
119520,278469,1043.1614639759064
121394,272841,1137.0972855091095
120324,278232,1188.1310760974884
120354,315529,1150.9724464416504
119898,317985,1110.3738481998444
118696,280641,1151.4695720672607
120342,265962,1109.7255790233612
119866,292911,966.5509121417999
120080,298517,1201.9122331142426
120220,289631,1440.02193069458
119982,282089,1284.3210299015045
119966,292271,1299.2112200260162
