6064,11572,2.98445725440979
6306,9164,3.0116944313049316
6494,10793,3.136598587036133
6178,11240,3.8346455097198486
6238,10558,3.656486749649048
6232,10578,3.3365538120269775
6244,10841,3.2625293731689453
6168,11230,3.7457566261291504
6248,10811,3.5248165130615234
6424,9929,2.8939363956451416
6464,11067,3.4962220191955566
6210,8765,3.706062078475952
6074,9694,4.069259881973267
6478,10208,3.036031723022461
6266,11647,3.746616840362549
6220,11598,3.224121332168579
6438,10165,3.20194935798645
6100,8915,3.1548268795013428
6388,10465,3.553457260131836
6358,10822,3.9580068588256836
6398,13711,3.1628522872924805
6310,10163,3.279231548309326
6130,9718,2.923833131790161
6262,11960,3.378464698791504
6522,10229,2.6904680728912354
6242,8779,3.0358543395996094
6428,13164,3.662315607070923
6194,11698,3.880202531814575
6196,9792,3.25473690032959
6044,10123,3.1521248817443848
6270,12056,3.5032920837402344
6326,11701,4.132041931152344
6200,10821,3.541975736618042
6674,13356,4.366443395614624
6158,10285,2.9128201007843018
6126,8634,2.9053568840026855
6580,11502,3.2250354290008545
6236,13046,3.257883071899414
6466,11354,3.0248279571533203
6284,9582,3.0940589904785156
6306,9249,2.84869384765625
6320,10898,3.5577304363250732
6266,10445,3.575941562652588
6346,12013,3.2486014366149902
6306,9427,2.607357978820801
6298,9342,2.9028284549713135
6378,11109,4.184526443481445
6200,10588,3.2084906101226807
6334,12235,4.688225030899048
6302,9354,4.262826204299927
6398,12191,4.393587589263916
6272,11774,4.47768497467041
6232,10494,4.009532451629639
6284,11075,3.925769567489624
6284,14275,4.586357355117798
6460,15051,4.6688408851623535
6462,11622,4.313822507858276
6228,12645,4.895284414291382
6140,11372,4.759115934371948
6332,9960,4.63028883934021
6274,11554,3.504939556121826
6328,10635,3.879934787750244
6392,11480,4.411590337753296
6448,10796,4.284108877182007
