11996,10719,4.053679466247559
12042,12144,5.2195117473602295
11902,13617,7.104216814041138
11986,12269,5.5177223682403564
12196,10333,4.291497468948364
12066,10619,4.360654830932617
11766,9251,3.8085203170776367
12032,9560,4.755715608596802
11860,10749,4.8222784996032715
11930,13178,5.616960525512695
12176,9806,3.3384034633636475
11956,11270,5.5005714893341064
12162,12048,5.825927019119263
12052,8243,4.2779130935668945
12144,9532,5.096850633621216
11892,11818,5.312213659286499
11898,10660,4.53856635093689
11994,8088,3.3661346435546875
12148,13460,4.935198068618774
12220,11361,4.93546199798584
11720,11517,4.390730142593384
11886,12387,4.528069972991943
11862,12365,4.60802698135376
12072,11160,4.529582738876343
12114,11181,4.635065317153931
12058,11727,4.763221263885498
12056,10190,3.8972628116607666
11872,9234,3.981496572494507
12060,10924,5.012477874755859
12180,10808,5.201204538345337
12110,12218,5.004074811935425
11836,11862,3.9123079776763916
11950,12032,4.127673149108887
12038,11463,3.83363938331604
12124,10689,4.489697217941284
11842,12006,3.66325306892395
12204,11064,3.871095895767212
12200,12632,4.555826187133789
11996,11187,5.12852931022644
12102,8931,3.685697555541992
12212,12153,5.440280914306641
12012,11626,4.056976556777954
11874,11754,4.680341720581055
11784,12249,4.904232740402222
11864,8574,3.0521538257598877
12268,10762,4.183490514755249
12060,11394,4.663459539413452
11884,10065,2.9888370037078857
11828,10341,6.126341819763184
11824,10496,6.0253071784973145
12154,10424,5.291989803314209
11726,12376,7.36853289604187
12102,11971,6.433902263641357
12274,10008,5.712530612945557
12212,10295,4.531644821166992
11862,12262,6.708250522613525
12258,10234,5.207483530044556
12212,11247,6.031996011734009
11656,10464,4.5805885791778564
11778,11918,6.816799163818359
11798,11949,6.7512733936309814
12014,12136,5.818780422210693
11926,9518,5.696025848388672
12094,12724,5.396462678909302
