9258,12951,4.879751682281494
9220,9526,4.04612922668457
9028,10224,3.9226176738739014
9152,10667,4.061399698257446
9220,11489,3.8259830474853516
9014,11648,4.32720947265625
9340,11552,3.8597331047058105
9224,9420,3.5020124912261963
9160,13211,5.04334282875061
9160,16753,7.082644701004028
9296,11193,4.238853931427002
9160,12400,4.637452840805054
9056,12782,5.435915946960449
9114,10652,4.536167144775391
9154,9238,3.9360756874084473
9426,10360,4.366748571395874
9150,11260,3.929222583770752
9094,12283,4.253431081771851
8966,8637,3.124847888946533
9156,9585,3.261430263519287
9264,11280,3.7469680309295654
8996,10339,3.5538933277130127
9150,10886,3.9028751850128174
9134,12047,3.7401177883148193
9162,8919,2.928239345550537
9344,13499,4.590301036834717
8890,10407,3.7787742614746094
9362,11195,3.765523672103882
9100,12945,3.8027255535125732
9116,9866,3.531264066696167
9438,11999,4.052767515182495
9374,10268,3.4144811630249023
9160,8666,2.972996473312378
9112,9555,3.6410553455352783
9036,11506,3.693532705307007
8948,13729,4.136622428894043
9316,14335,4.206139326095581
9164,10292,3.371727228164673
9240,13750,4.852248907089233
9250,12019,4.619035959243774
9256,14312,5.088343381881714
9040,11160,3.910099983215332
9120,10223,3.837019681930542
9370,10930,3.84259295463562
9164,10670,3.9925243854522705
9396,11599,4.00646448135376
9048,15123,4.7382283210754395
9194,13596,4.6202638149261475
9128,12111,4.984874486923218
9126,11820,5.325062036514282
9086,9246,5.038211345672607
9040,12906,6.4964540004730225
9284,11855,4.864778518676758
9060,13064,4.8612329959869385
9186,13688,5.93015193939209
9392,11179,4.187353134155273
9220,13133,5.348742485046387
9152,10281,5.253831386566162
9404,14394,5.847508430480957
9136,9143,4.060572385787964
9120,10918,4.662716388702393
9224,12565,4.975827932357788
9186,13561,5.6776721477508545
9158,9226,3.533507823944092
