14880,10507,5.940036773681641
14922,9508,4.6770360469818115
14568,12343,5.23978328704834
14704,11535,5.094122648239136
14974,11202,4.543127775192261
14870,14866,6.628907203674316
14990,10870,4.995602130889893
14894,8489,5.165346622467041
14810,9026,4.574139356613159
14794,12098,5.497618198394775
14976,11737,5.122976541519165
14818,9090,4.575018644332886
14650,10129,4.882553815841675
15030,9327,4.9694859981536865
14952,12699,5.992806911468506
14894,8916,3.8366012573242188
14836,8490,3.4287915229797363
14608,9865,4.3738038539886475
14814,12036,6.333118438720703
14960,12214,4.404067039489746
14886,11045,4.518561840057373
14784,12116,4.704932451248169
14688,12625,5.296650648117065
14694,10620,4.28657078742981
14990,9206,3.9484245777130127
15300,13974,5.498823165893555
14992,12944,6.147397518157959
14720,11910,4.685792922973633
14866,8836,3.7928738594055176
14686,12612,5.924293518066406
15056,10890,4.230648517608643
14828,8981,4.396714448928833
14830,12018,4.506811141967773
15028,9923,5.032534122467041
14872,12495,4.941347122192383
15088,10916,3.8441390991210938
15050,11292,5.049420118331909
15018,12559,4.783163070678711
14862,10031,4.109415054321289
14618,9981,4.602402925491333
15122,10862,4.144300222396851
14830,11738,5.020133018493652
15044,9720,4.156224727630615
14824,8589,3.908346176147461
15022,14321,5.109752416610718
14820,11017,4.147090911865234
14760,10026,4.075415849685669
14652,12173,4.670207500457764
14716,11925,6.343345403671265
15042,13820,6.586540460586548
15030,12118,6.171775579452515
15062,13303,6.88309383392334
15086,9985,5.3269572257995605
14920,10595,5.4183478355407715
14916,10233,7.008483409881592
15070,10383,5.266366004943848
15010,11630,5.743775129318237
14872,13442,6.476579189300537
14782,12012,6.0570762157440186
14496,10531,6.2608160972595215
14926,10771,5.759218692779541
15034,10314,5.925479412078857
14972,12512,5.902104377746582
14950,9018,4.104360580444336
