25602,56835,81.59208512306213
26570,56820,60.471243143081665
25706,49373,57.25104308128357
26544,60827,61.49365997314453
26396,54769,55.15127873420715
26148,64063,78.93434739112854
26736,56535,73.03977394104004
26104,56938,77.23230814933777
26326,57790,75.91449999809265
25606,54374,70.40188503265381
25932,53926,66.28035712242126
26184,58485,70.12006139755249
26004,66303,65.38494277000427
25862,52083,52.92695498466492
26210,59664,59.69593858718872
26640,59723,63.618473052978516
26356,61383,70.60167598724365
25618,53425,60.208203077316284
26032,58771,67.6300995349884
26002,62945,72.88637804985046
25600,53548,64.90948987007141
26046,61649,66.66078472137451
25926,51199,62.668801069259644
26162,54452,70.1809093952179
26018,59254,92.05710792541504
25954,62950,82.03280448913574
26106,56991,73.86091566085815
26162,56882,89.15393853187561
25394,56816,75.220468044281
26204,64140,79.10244965553284
26072,53306,71.15104103088379
26420,66705,90.7272436618805
26124,53100,65.29413080215454
25916,53620,59.84325671195984
25816,56555,61.06368947029114
26048,58349,60.25915050506592
25768,50389,61.46996712684631
26306,59202,67.7978184223175
26010,53720,68.56990575790405
26390,48822,58.5762619972229
26320,75388,79.97027444839478
25834,51762,56.23449993133545
26192,61292,76.15851330757141
25938,71490,74.67671751976013
26176,54644,65.70042181015015
26190,54549,70.68177032470703
26092,51060,69.88788628578186
25784,58834,49.70398926734924
25884,52961,73.32085919380188
26068,57719,75.04720664024353
26264,59730,77.53507208824158
25724,60765,93.14043498039246
25916,54959,92.02923893928528
26110,55858,72.37967824935913
25622,58094,79.32333087921143
25996,52444,64.47808265686035
25946,53935,72.01345205307007
25862,57344,77.66203188896179
25982,58281,73.23611235618591
26082,59061,75.54264736175537
25706,52532,65.75811314582825
25724,55488,75.39721345901489
26526,67553,85.40298986434937
25696,55047,93.50937628746033
