17962,57293,55.264554262161255
18040,77706,73.6312141418457
18130,64206,54.498229026794434
17550,57434,57.09767127037048
17774,59826,52.307822942733765
17934,59506,59.07561182975769
17680,67992,72.9262797832489
17612,65687,74.41793966293335
17796,69278,87.72969841957092
17754,65341,68.25710463523865
17626,61366,71.96348834037781
17538,60926,69.42370581626892
17896,65804,66.86066913604736
17600,54825,54.337117195129395
17834,71801,74.5401439666748
17648,64359,62.24665904045105
17912,67111,62.841777086257935
18024,56792,50.63857126235962
18030,59007,55.546969413757324
17900,66345,69.31434607505798
18382,69057,72.57548379898071
17644,50100,42.456133127212524
17946,80736,88.0609827041626
17772,50586,50.71343159675598
17798,75288,91.69500851631165
18094,67611,75.38681721687317
17880,55973,63.042025566101074
18468,64049,74.41301202774048
18188,56761,70.05658721923828
17978,62070,58.19028115272522
17742,66230,71.75895714759827
17530,62549,65.8399567604065
17878,62203,72.11356687545776
17588,59618,70.59761047363281
18016,61893,63.859153509140015
17692,59704,54.71130990982056
17970,65838,67.03100347518921
18336,70821,65.32101321220398
18162,73510,77.67056012153625
18274,66327,59.79082155227661
17794,58846,56.261152505874634
17506,71543,77.06261348724365
17670,60470,64.2641851902008
18022,70378,70.9593677520752
18138,78025,87.03771710395813
18338,65632,59.488086462020874
18154,67969,77.60194540023804
18090,78782,92.70613861083984
17980,72102,77.91329407691956
17820,57685,62.72966551780701
18050,60273,63.32792019844055
17990,64731,68.71993398666382
17746,66307,90.02705597877502
18094,61387,80.54316282272339
17918,71856,83.7979507446289
17798,70328,79.40239071846008
17796,67689,64.66208362579346
17886,72303,81.43585443496704
17760,56323,60.62265372276306
18236,71297,77.26792454719543
17948,73871,75.7493245601654
17858,66929,70.95631051063538
18174,58901,69.79954600334167
17844,58083,66.29588723182678
