42904,60501,76.2499327659607
42492,74819,84.87576723098755
41878,72909,79.01543688774109
42956,67641,79.69240045547485
42104,59332,76.00647306442261
42686,61416,81.579998254776
42642,81139,110.2955732345581
42398,60239,83.73517966270447
41802,63355,80.6939377784729
42354,57079,67.40261363983154
42770,72342,81.13225150108337
42532,76569,89.34712028503418
42546,55489,69.96032738685608
42894,80062,92.64754176139832
42740,65419,70.26283574104309
43124,65823,75.19823741912842
42482,62076,74.1303277015686
42310,55912,65.44157409667969
42894,75606,88.78804612159729
42400,67381,77.07833075523376
42386,74520,91.69751405715942
42720,65127,89.54467439651489
42498,63518,76.21851110458374
42232,56240,80.87705302238464
41990,64310,91.25417828559875
42488,79903,115.7982497215271
42462,63182,79.8686785697937
43142,64316,81.7237823009491
42816,56012,80.94543886184692
42710,74475,101.79977703094482
43000,63052,80.047372341156
42760,74473,87.03819108009338
42522,61610,74.53140902519226
42194,50169,59.498732805252075
42528,76776,82.36531209945679
42630,59267,75.04094076156616
42156,62928,75.27465510368347
42164,74372,86.5099880695343
42962,84267,95.56033277511597
42178,56220,69.36421656608582
42770,66458,79.10732054710388
42262,57662,70.93214130401611
42788,57283,66.45465993881226
42554,68344,83.04740643501282
42548,79439,85.79778671264648
42328,60204,78.26884484291077
42798,64886,94.76588177680969
42580,72759,96.9837417602539
42712,73013,98.49306607246399
42338,53350,78.25332641601562
42714,59509,83.31654500961304
41948,67343,97.04548692703247
41896,50461,87.4905698299408
42642,89732,107.22416067123413
42358,74203,86.93353962898254
43356,65329,91.67091417312622
42426,46980,63.393431186676025
41960,58920,75.43832015991211
42716,71538,84.19801735877991
42872,71465,98.2234845161438
42106,66765,92.14542269706726
42718,75735,110.06406378746033
42690,53769,71.22406888008118
42646,66385,90.35171890258789
