34262,55774,61.18757343292236
33872,62684,69.37204027175903
34644,67022,66.79685544967651
33808,54433,61.78471374511719
34296,55070,67.89381313323975
34216,54342,66.70337462425232
34296,57705,73.46361947059631
34362,54518,69.7387797832489
34446,59024,81.9017550945282
34514,69908,71.69698739051819
34000,53733,76.27620053291321
34136,52226,61.759605407714844
34594,66987,70.94827055931091
34398,58050,66.71895694732666
34306,59087,71.10798072814941
33186,53189,60.87193727493286
34054,65589,69.21099376678467
34334,57146,59.84870409965515
34300,72764,67.03953242301941
34068,58338,64.58009719848633
34062,62986,66.48975276947021
34058,61777,66.85874199867249
34306,53564,59.061951875686646
34654,52429,69.26857233047485
33838,49812,68.74344301223755
34396,73966,80.96837782859802
33620,74037,83.77745485305786
34086,65003,72.50857853889465
34608,56223,67.87812924385071
34016,54681,63.02729654312134
34094,58302,66.85057210922241
34650,60392,64.26511192321777
34460,63254,70.85640358924866
34136,63384,69.09818291664124
34430,59107,72.48533821105957
34328,67716,68.93924856185913
34158,52425,54.98750400543213
34534,60305,61.456541538238525
34484,58196,59.76004481315613
34616,60301,62.62162804603577
34422,75252,66.36832761764526
34400,73974,77.29365253448486
33762,55109,67.65568470954895
34192,55723,66.84603953361511
34452,53604,59.333375453948975
34124,50190,63.08077001571655
34062,67999,77.56420922279358
34912,61543,69.44375562667847
34424,80879,79.67434477806091
33982,57113,64.26014304161072
34184,64629,79.4445424079895
34288,64102,87.52213668823242
34250,60216,92.08272957801819
34426,59248,71.85635876655579
34534,79143,80.80324268341064
34746,61381,73.98157501220703
34410,63826,73.0695252418518
34416,64746,75.42174673080444
34186,54960,54.33747124671936
34136,67686,69.7518401145935
34136,59826,64.93405866622925
33812,58003,70.89990162849426
34158,65970,74.64161348342896
33896,55073,86.18308782577515
