77732,175142,316.6649785041809
76696,151700,309.6981909275055
77950,161229,353.7487919330597
77538,183508,302.51329731941223
77700,153157,278.24278569221497
78454,151967,299.2053277492523
77964,161209,297.1960299015045
77932,160616,279.2521061897278
79078,194774,325.69290256500244
77664,146728,299.0922210216522
77626,140076,298.01608324050903
78182,146485,297.84054374694824
78426,173441,334.80374574661255
77834,152550,291.6488690376282
76932,145266,296.4937798976898
78266,158201,275.10828590393066
78020,155398,400.96712613105774
77852,138548,351.07813477516174
78040,139412,325.5554230213165
77832,139962,346.81915187835693
77520,152602,380.9902255535126
77378,146187,368.58798360824585
78552,160535,322.75812292099
78372,166947,348.98759937286377
78204,151695,325.7364299297333
77974,163131,304.0976243019104
77668,143054,322.6715450286865
77780,151693,390.86603903770447
77134,133798,323.14260721206665
78044,135972,384.6627924442291
78074,152339,327.6768834590912
78294,174194,305.1800467967987
77860,162536,320.1922199726105
77778,156866,329.7808048725128
77390,177003,346.94042706489563
77038,156461,296.7205674648285
78390,164987,339.94165420532227
78078,143178,287.8232259750366
77428,153519,342.9209246635437
78518,164653,306.1179151535034
76896,151026,308.01002264022827
77614,148208,319.5334839820862
77782,156425,316.48406314849854
78286,149390,305.78454637527466
77990,159042,325.79299235343933
77096,183188,336.3245213031769
77172,164048,347.48826813697815
77854,150074,313.80936098098755
78078,178710,396.6263961791992
77412,149423,431.58837723731995
77904,166987,582.4438066482544
77814,164233,641.9104843139648
77938,131457,507.6628940105438
77654,158957,510.5085873603821
77750,163300,510.03556299209595
78310,163330,548.1871852874756
77728,172566,629.5293865203857
77970,155635,569.1403069496155
77792,168377,559.7537095546722
78218,143970,491.122878074646
78336,147662,496.5700559616089
77192,178597,644.859251499176
78344,167994,570.5065965652466
77902,156717,438.52729845046997
