32530,190573,298.9895441532135
32724,197980,287.7783749103546
33130,189039,291.6488676071167
33420,183515,289.55035185813904
32016,153740,235.33737301826477
33006,196385,284.0990400314331
32684,160614,233.65445041656494
32702,176118,274.24970269203186
32448,172966,234.67712426185608
32594,188880,281.04265689849854
33678,202977,302.9937765598297
33466,177986,266.24735140800476
33194,207692,313.31816697120667
33014,174483,264.74889063835144
32964,193381,291.4640543460846
33112,193034,278.8678183555603
32598,194623,320.8535873889923
32784,154594,236.14420318603516
32936,167568,301.56551146507263
33328,166073,282.1901295185089
33226,178420,295.20843744277954
32686,179513,312.39495730400085
33428,171165,275.66164922714233
32902,183388,375.0872473716736
33006,190794,335.2424144744873
32744,158838,262.8792417049408
33200,179521,304.46736693382263
33292,187733,288.47111535072327
33282,192605,311.6009871959686
32582,187307,312.40070509910583
33128,177558,314.53612756729126
33548,184852,323.1517884731293
32602,182852,296.14291763305664
32530,189528,345.83872151374817
32964,179721,294.12255334854126
32480,185439,298.2733998298645
32330,147831,231.5354220867157
32836,167616,269.1033911705017
33086,186617,300.9499297142029
32782,178561,254.9750316143036
33702,207744,345.4726324081421
33200,151333,217.34208011627197
33508,206010,344.9873311519623
32598,171225,254.3257827758789
33202,173969,279.1583595275879
33040,193489,325.1369709968567
33014,151366,219.9284279346466
32900,195808,326.3246519565582
32326,177448,373.93355560302734
32464,168950,316.69275879859924
32474,178659,299.6769289970398
32906,218989,627.8427791595459
32806,166742,496.3362600803375
32550,213173,608.7490396499634
33006,188096,472.8885107040405
32400,151833,407.60160207748413
33242,197844,505.8962023258209
32958,179653,446.79895210266113
32850,196778,629.6048197746277
33400,216799,619.0170440673828
32252,186965,527.4426045417786
32954,177571,472.4927942752838
32966,194606,532.0491745471954
32816,180937,497.47129106521606
