63178,148049,325.2819290161133
62880,160675,317.75468373298645
62312,137895,318.51459431648254
62824,154063,282.5009996891022
62496,140680,331.8655004501343
62614,163117,372.48702931404114
62196,139374,254.85646152496338
62818,139765,333.0068111419678
62686,152471,351.03175950050354
62644,132691,295.07286071777344
62580,142792,321.82232332229614
62746,136536,300.74225068092346
63096,142888,305.364928483963
62974,140217,326.91763973236084
62014,128690,314.4393355846405
62410,128439,283.65796422958374
62344,146138,307.51148891448975
63252,145874,322.2915823459625
62246,130573,346.06279945373535
63082,128459,318.32156229019165
63062,138601,361.9170789718628
62570,147029,383.9971377849579
62892,141758,364.65695238113403
63536,135214,305.0884199142456
62478,132200,302.7212860584259
62686,133554,322.9710249900818
61884,137426,324.9025866985321
63242,146899,312.3332452774048
62494,141219,381.7787296772003
62426,133082,371.2432441711426
63278,143480,320.8790409564972
62492,141971,400.8076066970825
63500,141412,320.8705644607544
62166,152582,337.974317073822
62796,147934,329.91687417030334
62988,143696,333.7862219810486
63080,126888,334.3936047554016
63240,153156,333.181440114975
62890,128017,314.21836590766907
63054,130312,331.23497104644775
62674,141558,362.0225670337677
62828,148952,345.27807354927063
62564,132503,352.75510573387146
61912,139742,315.10578322410583
62612,140428,343.05814385414124
62652,146125,326.2443449497223
62878,152825,353.2100827693939
62642,144036,333.9267761707306
62404,129240,377.1769497394562
63032,156180,373.81962490081787
62158,138383,492.8010399341583
62632,131357,586.5914552211761
62656,134601,567.2161798477173
63134,138136,565.7354991436005
63172,145044,530.9248251914978
63048,149595,511.5044586658478
61490,142998,621.8466637134552
63352,171966,666.3902957439423
62718,135769,652.843896150589
63176,141528,546.9053537845612
62098,139325,509.88702416419983
62272,147582,550.0611793994904
62424,144065,497.8037552833557
63008,141446,527.1307203769684
