47942,145895,319.59876894950867
47450,170779,374.9409999847412
47520,149885,313.7579472064972
48060,167684,376.6973407268524
47632,163526,336.91595554351807
47002,156485,336.7241916656494
47352,156941,345.3635594844818
47866,155683,318.0434970855713
46952,164847,381.2561490535736
47746,184987,391.0236532688141
47662,157336,329.1262788772583
47532,145226,317.52649450302124
48150,157645,357.00646018981934
47880,146246,315.86062598228455
47820,145603,317.9151999950409
47368,151960,321.9003641605377
47760,174205,408.5652370452881
47326,158741,385.6128408908844
47692,156151,344.67882013320923
47318,148559,313.51734256744385
47670,154014,353.4151427745819
47990,169413,416.7329914569855
47402,151993,367.68527936935425
47680,153659,357.42265486717224
47850,140340,306.8674838542938
47468,150477,342.7041172981262
48046,152873,323.92221093177795
47790,161902,395.54055166244507
47216,165373,431.5263442993164
47244,152430,384.5593020915985
47718,160077,434.3443603515625
47218,148646,330.3392436504364
47222,164820,349.0889415740967
47448,153086,334.01738381385803
48140,147485,317.81569266319275
47478,170881,405.2657585144043
47634,157500,331.3198149204254
47750,164867,371.51142859458923
47876,147750,325.5647666454315
47924,172291,380.9582257270813
46808,158712,346.8490526676178
46686,142604,330.070024728775
47424,143418,315.3469920158386
46970,144901,306.6485378742218
48182,163964,336.6130039691925
47782,161377,391.8716630935669
47838,165002,371.7832338809967
47486,159075,330.0418837070465
47046,148470,387.2784776687622
47232,163360,463.72349739074707
47600,148855,550.5617709159851
47716,145451,618.6401402950287
47156,171711,651.4089238643646
47262,145738,525.1452610492706
48132,162502,588.1297647953033
48040,169365,653.7826676368713
47036,149431,598.1628887653351
47782,171499,714.7988057136536
47818,161005,615.5400381088257
47854,176873,630.853143453598
48212,148376,609.1463119983673
47694,146147,575.1999468803406
47926,158903,499.2599427700043
47562,153128,530.938807964325
